metric,approach,instance,value,prompt_ver
shacl,GPT_4_Turbo_Preview,pred,1.0,text2kg_prompt3
shacl,GPT_4_Turbo_Preview,expected,0.7000000149999992,text2kg_prompt3
